Clusters: [542.5401816981132, 600.308642, 1634.8905723636365, 2168.981481, 4451.388889, 8967.592592500001, 47031.635802]
Data: [5, 4, 0, 2, 0, 0, 0, 2, 0, 0, 0, 2, 0, 2, 0, 2, 0, 0, 0, 0, 0, 2, 0, 0, 0, 0, 0, 2, 0, 0, 0, 0, 0, 0, 0, 2, 0, 2, 0, 2, 0, 0, 0, 0, 0, 0, 0, 0, 0, 0, 0, 0, 0, 2, 0, 0, 0, 0, 0, 0, 0, 0, 0, 0, 0, 0, 1, 6, 5, 3, 1]
