Clusters: [538.1087107592593, 581.7901234999999, 1653.7808644999998, 2192.12963, 4456.790123, 8947.916667, 47017.746914]
Data: [5, 4, 0, 2, 0, 0, 0, 2, 0, 0, 0, 2, 0, 2, 0, 2, 0, 0, 0, 0, 0, 2, 0, 0, 0, 0, 0, 2, 0, 0, 0, 0, 0, 0, 0, 2, 0, 2, 0, 0, 0, 0, 0, 0, 0, 0, 0, 0, 0, 0, 0, 0, 0, 2, 0, 0, 0, 0, 0, 0, 0, 0, 0, 0, 0, 0, 1, 6, 5, 3, 1]
