Clusters: [313.76543216, 594.907407, 831.1092956470591, 2001.5432098749998]
Data: [1, 2, 0, 3, 0, 3, 0, 2, 0, 2, 0, 3, 0, 3, 0, 2, 0, 3, 0, 2, 0, 2, 0, 2, 0, 3, 0, 3, 0, 2, 0, 2, 0, 2, 0, 2, 0, 2, 0, 2, 0, 2, 0, 3, 0, 2, 0, 2, 0, 2, 0]
